0.005816234	0.000578609	1.12548E-05	5.07524E-06
0.000578609	0.005816234	0.000393494	0.000185115
8.16502E-06	0.000289304	0.002895493	1.26239E-05
8.16502E-06	0.000289304	0.001033886	0.001874231





0.636682  0.000981845  3.90826e-05  3.90826e-05  
0.000981845  0.636682  0.000490922  0.000490922  
3.90826e-05  0.000490922  0.31831  3.12038e-05  
4.05456e-05  0.000353101  9.71179e-05  0.00605584  

0.00595623  0.000651629  1.20243e-05  5.44399e-06  
0.000651629  0.00595623  0.000447525  0.000211049  
8.63083e-06  0.000325814  0.00296601  1.30845e-05  
8.63083e-06  0.000325814  0.00109974  0.00193903  

0.00595623  0.000651629  1.20243e-05  5.44399e-06  
0.000651629  0.00595623  0.000447525  0.000211049  
8.63083e-06  0.000325814  0.00296601  1.30845e-05  
8.63083e-06  0.000325814  0.00109974  0.00193903  



n=70                  n=80                  
F[0][0]= 0.00172598   F[0][0]= 0.0017259    
F[1][0]= 0.000158377  F[1][0]= 0.000158396  
F[2][0]= 2.49489e-05  F[2][0]= 2.49519e-05  
F[3][0]= 2.78598e-06  F[3][0]= 2.78605e-06  
F[4][0]= 1.6965e-06   F[4][0]= 1.69653e-06  
F[5][0]= 5.92308e-07  F[5][0]= 5.92314e-07  

n=90                  n=100                 n=110
F[0][0]= 0.00172584   F[0][0]= 0.00172579   F[0][0]= 0.00172576
F[1][0]= 0.000158409  F[1][0]= 0.000158418  F[1][0]= 0.000158424
F[2][0]= 2.49539e-05  F[2][0]= 2.49554e-05  F[2][0]= 2.49564e-05
F[3][0]= 2.7861e-06   F[3][0]= 2.78613e-06  F[3][0]= 2.78616e-06
F[4][0]= 1.69656e-06  F[4][0]= 1.69657e-06  F[4][0]= 1.69658e-06
F[5][0]= 5.92318e-07  F[5][0]= 5.92321e-07  F[5][0]= 5.92323e-07

n=100
0.00581662  0.000578467  1.12543e-05  5.07502e-06
0.000578467  0.00581662  0.000393397  0.000185069
1.12543e-05  0.000393397  0.00376842  0.000161203
5.07502e-06  0.000185069  0.000161203  0.00172579

n=110
0.00581655  0.000578492  1.12544e-05  5.07506e-06
0.000578492  0.00581655  0.000393414  0.000185077
1.12544e-05  0.000393414  0.00376837  0.00016121
5.07506e-06  0.000185077  0.00016121  0.00172576

n=110
0.00188697  0.000185077  4.48274e-06  5.92323e-07
0.00204261  0.000208337  4.48274e-06  1.69658e-06
0.00188697  0.000185077  2.28891e-06  2.78616e-06
0.000185077  0.00188697  0.00018338  1.69658e-06
0.000208337  0.00204261  0.00018338  2.49564e-05
0.000185077  0.00188697  2.6653e-05  0.000158424
5.07506e-06  0.000185077  0.00188418  2.78616e-06
6.17932e-06  0.000208337  0.00188418  0.000158424
5.07506e-06  0.000185077  0.00016121  0.00172576









