


17 4

-0.090561125	3.97E-02	0.00E+00	0.03968786	0	0	0	0	0	0.00284524	0.000279066	6.75923E-06	8.93126E-07
0.03968786	-1.30E-01	3.97E-02	0	0.03968786	0	0	0	0	0.00307992	0.000314138	6.75923E-06	2.55816E-06
0	3.97E-02	-9.06E-02	0	0	0.03968786	0	0	0	0.00284524	0.000279066	3.4513E-06	4.20107E-06
0.03968786	0	0.00E+00	-0.130248985	0.03968786	0	0.03968786	0	0	0.000279066	0.00284524	0.000276507	2.55816E-06
0	0.03968786	0.00E+00	0.03968786	-0.169936846	0.03968786	0	0.03968786	0	0.000314138	0.00307992	0.000276507	3.76301E-05
0	0.00E+00	0.03968786	0	0.03968786	-0.130248985	0	0	0.03968786	0.000279066	0.00284524	4.01883E-05	0.000238877
0	0.00E+00	0.00E+00	0.03968786	0	0	-0.090561125	0.03968786	0	7.65236E-06	0.000279066	0.002841033	4.20107E-06
0	0	0.00E+00	0	0.03968786	0	0.03968786	-0.130248985	0.03968786	9.3174E-06	0.000314138	0.002841033	0.000238877
0	0	0	0	0	0.03968786	0	0.03968786	-0.090561125	7.65236E-06	0.000279066	0.000243078	0.002602162
0.005438595	0.005887178	0.005438595	0.000533426	0.000600466	0.000533426	1.46273E-05	1.78099E-05	1.46273E-05	-0.095807139	0	0	0
0.000533426	0.000600466	0.000533426	0.005438595	0.005887178	0.005438595	0.000533426	0.000600466	0.000533426	0	-0.095807139	0	0
1.93801E-05	1.93801E-05	9.89559E-06	0.000792802	0.000792802	0.000115228	0.00814583	0.00814583	0.000696955	0	0	-0.095807139	0
5.12155E-06	1.46696E-05	2.40907E-05	1.46696E-05	0.000215787	0.001369821	2.40907E-05	0.001369821	0.014921873	0	0	0	-0.095807139
1 0 0 0 0 0 0 0 0 0 0 0 0
0 0 0 0 1 0 0 0 0 0 0 0 0
0 0 0 0 0 0 1 0 0 0 0 0 0
0 0 0 0 0 0 0 0 1 0 0 0 0



0	0	0	0
0	0	0	0
0	0	0	0
0	0	0	0
0	0	0	0
0	0	0	0
0	0	0	0
0	0	0	0
0	0	0	0
0.530996947	0   0   0
0	0.530996947 0   0
0   0	0.79649542  0
0   0   0	1.59299084
0
0
0
0



0
0
0
0
0
0
0
0
0
0
0
0
0
0 0 0 0 0 0 0 0 0 0 0 0 0 1000 0 0 0
0 0 0 0 0 0 0 0 0 0 0 0 0 0 1000 0 0
0 0 0 0 0 0 0 0 0 0 0 0 0 0 0 1000 0
0 0 0 0 0 0 0 0 0 0 0 0 0 0 0 0 1000



1 0 0 0
0 1 0 0
0 0 1 0
0 0 0 1







9 4


-0.090561125	3.97E-02	0.00E+00	0.03968786	0	0	0	0	0	0.00284524	0.000279066	6.75923E-06	8.93126E-07
0.03968786	-1.30E-01	3.97E-02	0	0.03968786	0	0	0	0	0.00307992	0.000314138	6.75923E-06	2.55816E-06
0	3.97E-02	-9.06E-02	0	0	0.03968786	0	0	0	0.00284524	0.000279066	3.4513E-06	4.20107E-06
0.03968786	0	0.00E+00	-0.130248985	0.03968786	0	0.03968786	0	0	0.000279066	0.00284524	0.000276507	2.55816E-06
0	0.03968786	0.00E+00	0.03968786	-0.169936846	0.03968786	0	0.03968786	0	0.000314138	0.00307992	0.000276507	3.76301E-05
0	0.00E+00	0.03968786	0	0.03968786	-0.130248985	0	0	0.03968786	0.000279066	0.00284524	4.01883E-05	0.000238877
0	0.00E+00	0.00E+00	0.03968786	0	0	-0.090561125	0.03968786	0	7.65236E-06	0.000279066	0.002841033	4.20107E-06
0	0	0.00E+00	0	0.03968786	0	0.03968786	-0.130248985	0.03968786	9.3174E-06	0.000314138	0.002841033	0.000238877
0	0	0	0	0	0.03968786	0	0.03968786	-0.090561125	7.65236E-06	0.000279066	0.000243078	0.002602162
0.005438595	0.005887178	0.005438595	0.000533426	0.000600466	0.000533426	1.46273E-05	1.78099E-05	1.46273E-05	-0.095807139	0	0	0
0.000533426	0.000600466	0.000533426	0.005438595	0.005887178	0.005438595	0.000533426	0.000600466	0.000533426	0	-0.095807139	0	0
1.93801E-05	1.93801E-05	9.89559E-06	0.000792802	0.000792802	0.000115228	0.00814583	0.00814583	0.000696955	0	0	-0.095807139	0
5.12155E-06	1.46696E-05	2.40907E-05	1.46696E-05	0.000215787	0.001369821	2.40907E-05	0.001369821	0.014921873	0	0	0	-0.095807139






0	0	0	0
0	0	0	0
0	0	0	0
0	0	0	0
0	0	0	0
0	0	0	0
0	0	0	0
0	0	0	0
0	0	0	0
0.530996947	0   0   0
0	0.530996947 0   0
0   0	0.79649542  0
0   0   0	1.59299084


1 0 0 0 0 0 0 0 0 0 0 0 0
0 0 0 0 1 0 0 0 0 0 0 0 0
0 0 0 0 0 0 1 0 0 0 0 0 0
0 0 0 0 0 0 0 0 1 0 0 0 0







0
0
0
0
0
0
0
0
0
0
0
0
0
1000
1000
1000
1000


1
1
1
1
















0.999094389	0.000396879	0	0.000396879	0	0	0	0	0	2.84524E-05	2.79066E-06	6.75923E-08	8.93126E-09
0.000396879	0.99869751	0.000396879	0	0.000396879	0	0	0	0	3.07992E-05	3.14138E-06	6.75923E-08	2.55816E-08
0	0.000396879	0.999094389	0	0	0.000396879	0	0	0	2.84524E-05	2.79066E-06	3.4513E-08	4.20107E-08
0.000396879	0	0	0.99869751	0.000396879	0	0.000396879	0	0	2.79066E-06	2.84524E-05	2.76507E-06	2.55816E-08
0	0.000396879	0	0.000396879	0.998300632	0.000396879	0	0.000396879	0	3.14138E-06	3.07992E-05	2.76507E-06	3.76301E-07
0	0	0.000396879	0	0.000396879	0.99869751	0	0	0.000396879	2.79066E-06	2.84524E-05	4.01883E-07	2.38877E-06
0	0	0	0.000396879	0	0	0.999094389	0.000396879	0	7.65236E-08	2.79066E-06	2.84103E-05	4.20107E-08
0	0	0	0	0.000396879	0	0.000396879	0.99869751	0.000396879	9.3174E-08	3.14138E-06	2.84103E-05	2.38877E-06
0	0	0	0	0	0.000396879	0	0.000396879	0.999094389	7.65236E-08	2.79066E-06	2.43078E-06	2.60216E-05
5.43859E-05	5.88718E-05	5.43859E-05	5.33426E-06	6.00466E-06	5.33426E-06	1.46273E-07	1.78099E-07	1.46273E-07	0.999041929	0	0	0
5.33426E-06	6.00466E-06	5.33426E-06	5.43859E-05	5.88718E-05	5.43859E-05	5.33426E-06	6.00466E-06	5.33426E-06	0	0.999041929	0	0
1.93801E-07	1.93801E-07	9.89559E-08	7.92802E-06	7.92802E-06	1.15228E-06	8.14583E-05	8.14583E-05	6.96955E-06	0	0	0.999041929	0
5.12155E-08	1.46696E-07	2.40907E-07	1.46696E-07	2.15787E-06	1.36982E-05	2.40907E-07	1.36982E-05	0.000149219	0	0	0	0.999041929
A - t/n *I







0.464119634	0.149934846	0.031239457	0.149638439	0.048337012	0.010088226	0.030836824	0.009959425	0.002073241	0.014608632	0.00414079	0.000644419	3.78857E-05
0.149934846	0.345502907	0.14993475	0.048336735	0.11142472	0.048335742	0.009958463	0.022966774	0.009952722	0.015273286	0.004340592	0.000553674	0.000161034
0.031239457	0.14993475	0.464119702	0.010088341	0.048335852	0.149639267	0.002074425	0.009951985	0.030842116	0.014608631	0.004140787	0.000211998	0.000470298
0.149638439	0.048336735	0.010088341	0.345392179	0.111634529	0.023290874	0.149676608	0.048360931	0.010029247	0.00388274	0.012564679	0.003720896	0.000161878
0.048337012	0.11142472	0.048335852	0.111634529	0.257127056	0.111624341	0.04835749	0.111437405	0.048304452	0.004068214	0.013156319	0.003230782	0.000837447
0.010088226	0.048335742	0.149639267	0.023290874	0.111624341	0.345400365	0.010033731	0.048301484	0.149723341	0.003882735	0.012564646	0.001059779	0.002822893
0.030836824	0.009958463	0.002074425	0.149676608	0.04835749	0.010033731	0.46431032	0.150050518	0.030949783	0.000682314	0.004140866	0.014137403	0.00047144
0.009959425	0.022966774	0.009951985	0.048360931	0.111437405	0.048301484	0.150050518	0.345571359	0.1497608	0.000714715	0.004340642	0.012450145	0.002823262
0.002073241	0.009952722	0.030842116	0.010029247	0.048304452	0.149723341	0.030949783	0.1497608	0.464557915	0.000682283	0.004140668	0.003473681	0.011134562
0.027923979	0.029194447	0.027923978	0.007421746	0.007776273	0.007421736	0.001304223	0.001366156	0.001304164	0.384609712	0.000358181	4.0903E-05	1.90007E-05
0.007915002	0.008296916	0.007914996	0.024017023	0.025147924	0.024016958	0.007915146	0.008297011	0.007914768	0.000358181	0.384522043	0.000244205	0.000113975
0.001847683	0.001587497	0.000607841	0.010668579	0.009263319	0.003038605	0.040534858	0.035697141	0.009959763	6.13545E-05	0.000366308	0.384493225	0.00014024
0.000217252	0.000923433	0.002696882	0.000928273	0.004802266	0.016187633	0.002703435	0.016189754	0.063850185	5.70022E-05	0.000341925	0.00028048	0.384281715
B









