row = 68, column = 68
1 	0.0172759 	0.0616744 	0.095226 	-0.00733242 	-0.0137784 	0.105181 	-0.00252825 	-0.128685 	-0.15999 	-0.0719649 	0.0719649 	-0.0559008 	0.0559008 	0.066398 	-0.066398 	-0.00102381 	0.00102381 	-0.190884 	0.190884 	-0.127274 	0.127274 	0.150926 	-0.150926 	-0.412845 	0.412845 	-0.025907 	-0.106939 	-0.265654 	-0.216897 	-0.0360891 	-0.336165 	-0.306893 	-0.0610542 	0 	0 	0 	0 	0 	0 	0 	0 	0 	0 	0.167562 	0.167562 	0.0427374 	0.0427374 	0.122044 	0.122044 	0.392133 	0.392133 	0.0477028 	0.0477028 	0.0399858 	0.0399858 	-0.131078 	-0.131078 	0.0725989 	0.0725989 	0 	0 	0 	0 	0 	0 	0 	0 	
0.0172759 	1 	-0.0293118 	-0.0431161 	0.0110683 	0.0213378 	-0.0562334 	0.010412 	0.0742061 	0.256921 	0.0749656 	-0.0749656 	0.0562903 	-0.0562903 	-0.0486798 	0.0486798 	0.0370878 	-0.0370878 	0.270001 	-0.270001 	0.1841 	-0.1841 	-0.235248 	0.235248 	0.585535 	-0.585535 	0.0179567 	0.0818292 	0.35457 	0.309269 	0.0248137 	0.498156 	0.459117 	0.0496612 	0 	0 	0 	0 	0 	0 	0 	0 	0 	0 	-0.153301 	-0.153301 	-0.0335038 	-0.0335038 	-0.142414 	-0.142414 	-0.409752 	-0.409752 	-0.0259968 	-0.0259968 	-0.0310448 	-0.0310448 	0.160236 	0.160236 	-0.03407 	-0.03407 	0 	0 	0 	0 	0 	0 	0 	0 	
0.0616744 	-0.0293118 	1 	0.0796923 	-0.267862 	-0.0209616 	0.143561 	0.0333174 	-0.202093 	-0.149639 	-0.106641 	0.106641 	0.22143 	-0.22143 	-0.350228 	0.350228 	-0.0883541 	0.0883541 	0.0172464 	-0.0172464 	-0.344056 	0.344056 	-0.322421 	0.322421 	-0.135516 	0.135516 	-0.0957921 	-0.220272 	-0.237261 	-0.104097 	0.365267 	-0.382323 	-0.338553 	0.203656 	0 	0 	0 	0 	0 	0 	0 	0 	0 	0 	0.0416332 	0.0416332 	0.407411 	0.407411 	-0.408317 	-0.408317 	0.0361637 	0.0361637 	0.0167713 	0.0167713 	0.282723 	0.282723 	0.303995 	0.303995 	0.058125 	0.058125 	0 	0 	0 	0 	0 	0 	0 	0 	
0.095226 	-0.0431161 	0.0796923 	1 	-0.0218455 	-0.35225 	0.298378 	0.0530527 	-0.719284 	-0.572973 	-0.0945064 	0.0945064 	-0.102047 	0.102047 	-0.143707 	0.143707 	-0.0602286 	0.0602286 	-0.233142 	0.233142 	0.19797 	-0.19797 	-0.162234 	0.162234 	-0.00111911 	0.00111911 	-0.012023 	0.14484 	-0.2727 	0.350482 	-0.210642 	0.158139 	0.135117 	0.208151 	0 	0 	0 	0 	0 	0 	0 	0 	0 	0 	0.500072 	0.500072 	-0.260124 	-0.260124 	-0.251686 	-0.251686 	0.0244485 	0.0244485 	0.438732 	0.438732 	-0.190346 	-0.190346 	0.110804 	0.110804 	-0.0480023 	-0.0480023 	0 	0 	0 	0 	0 	0 	0 	0 	
-0.00733242 	0.0110683 	-0.267862 	-0.0218455 	1 	0.00108287 	-0.0441574 	0.00516342 	0.130113 	0.163034 	0.0896565 	-0.0896565 	-0.183979 	0.183979 	0.319335 	-0.319335 	0.0609233 	-0.0609233 	-0.078474 	0.078474 	0.44094 	-0.44094 	0.489079 	-0.489079 	0.153163 	-0.153163 	0.0497151 	0.172329 	0.297124 	0.0892888 	-0.40966 	0.480503 	0.393341 	-0.239325 	0 	0 	0 	0 	0 	0 	0 	0 	0 	0 	0.0198989 	0.0198989 	-0.391466 	-0.391466 	0.455456 	0.455456 	-0.026281 	-0.026281 	-0.00142557 	-0.00142557 	-0.295344 	-0.295344 	-0.371761 	-0.371761 	-0.069601 	-0.069601 	0 	0 	0 	0 	0 	0 	0 	0 	
-0.0137784 	0.0213378 	-0.0209616 	-0.35225 	0.00108287 	1 	-0.102738 	-0.00944694 	0.42678 	0.772887 	0.0324165 	-0.0324165 	0.0862977 	-0.0862977 	0.145628 	-0.145628 	0.0515242 	-0.0515242 	0.285489 	-0.285489 	-0.337973 	0.337973 	0.262812 	-0.262812 	-0.0444895 	0.0444895 	-0.0267166 	-0.106639 	0.348388 	-0.529595 	0.234736 	-0.272993 	-0.275714 	-0.259301 	0 	0 	0 	0 	0 	0 	0 	0 	0 	0 	-0.404046 	-0.404046 	0.301662 	0.301662 	0.27551 	0.27551 	-0.0276774 	-0.0276774 	-0.525925 	-0.525925 	0.242757 	0.242757 	-0.146246 	-0.146246 	0.0530257 	0.0530257 	0 	0 	0 	0 	0 	0 	0 	0 	
0.105181 	-0.0562334 	0.143561 	0.298378 	-0.0441574 	-0.102738 	1 	0.453768 	-0.416167 	-0.320611 	0.0183495 	-0.0183495 	0.116183 	-0.116183 	0.0902337 	-0.0902337 	-0.104701 	0.104701 	-0.36456 	0.36456 	-0.301786 	0.301786 	0.204655 	-0.204655 	0.147666 	-0.147666 	-0.442582 	0.200856 	0.324287 	-0.28623 	0.0479372 	0.00201903 	-0.362266 	-0.242187 	0 	0 	0 	0 	0 	0 	0 	0 	0 	0 	0.529308 	0.529308 	0.441674 	0.441674 	0.202459 	0.202459 	-0.385375 	-0.385375 	0.316178 	0.316178 	0.181355 	0.181355 	-0.0910307 	-0.0910307 	-0.121186 	-0.121186 	0 	0 	0 	0 	0 	0 	0 	0 	
-0.00252825 	0.010412 	0.0333174 	0.0530527 	0.00516342 	-0.00944694 	0.453768 	1 	-0.118681 	-0.245263 	0.106274 	-0.106274 	0.0900728 	-0.0900728 	0.114762 	-0.114762 	-0.056062 	0.056062 	-0.387316 	0.387316 	-0.382339 	0.382339 	0.313322 	-0.313322 	0.323358 	-0.323358 	-0.319055 	0.133882 	0.542685 	-0.380141 	0.0247244 	0.106876 	-0.394736 	-0.288685 	0 	0 	0 	0 	0 	0 	0 	0 	0 	0 	0.402708 	0.402708 	0.469008 	0.469008 	0.284537 	0.284537 	-0.471988 	-0.471988 	0.275311 	0.275311 	0.193167 	0.193167 	-0.122409 	-0.122409 	-0.139777 	-0.139777 	0 	0 	0 	0 	0 	0 	0 	0 	
-0.128685 	0.0742061 	-0.202093 	-0.719284 	0.130113 	0.42678 	-0.416167 	-0.118681 	1 	0.482578 	0.394648 	-0.394648 	-0.0158595 	0.0158595 	0.0942983 	-0.0942983 	0.09642 	-0.09642 	0.253568 	-0.253568 	-0.0465127 	0.0465127 	0.16942 	-0.16942 	0.00899837 	-0.00899837 	0.0213507 	-0.0393505 	0.168693 	-0.182158 	-0.00579959 	-0.0212371 	0.00991973 	-0.0255019 	0 	0 	0 	0 	0 	0 	0 	0 	0 	0 	-0.430843 	-0.430843 	0.0813195 	0.0813195 	0.277307 	0.277307 	0.0662643 	0.0662643 	-0.262406 	-0.262406 	0.0438017 	0.0438017 	-0.126898 	-0.126898 	0.0393698 	0.0393698 	0 	0 	0 	0 	0 	0 	0 	0 	
-0.15999 	0.256921 	-0.149639 	-0.572973 	0.163034 	0.772887 	-0.320611 	-0.245263 	0.482578 	1 	-0.0389629 	0.0389629 	0.063834 	-0.063834 	0.174556 	-0.174556 	0.0905375 	-0.0905375 	0.49841 	-0.49841 	-0.0399435 	0.0399435 	0.146514 	-0.146514 	0.205743 	-0.205743 	0.0716229 	-0.059884 	0.464758 	-0.249249 	0.154222 	0.0490626 	0.156477 	-0.225834 	0 	0 	0 	0 	0 	0 	0 	0 	0 	0 	-0.629399 	-0.629399 	0.0661458 	0.0661458 	0.203354 	0.203354 	-0.139288 	-0.139288 	-0.66551 	-0.66551 	0.117983 	0.117983 	-0.104445 	-0.104445 	0.0520494 	0.0520494 	0 	0 	0 	0 	0 	0 	0 	0 	
-0.0719649 	0.0749656 	-0.106641 	-0.0945064 	0.0896565 	0.0324165 	0.0183495 	0.106274 	0.394648 	-0.0389629 	0.391027 	-0.391027 	-1.47904e-05 	1.47904e-05 	0.0395658 	-0.0395658 	-0.0154369 	0.0154369 	-0.0115181 	0.0115181 	0.012604 	-0.012604 	0.0842761 	-0.0842761 	0.128447 	-0.128447 	0.0899435 	-0.0561427 	0.120967 	0.0144877 	-0.11195 	0.151529 	0.0314099 	-0.0260823 	0 	0 	0 	0 	0 	0 	0 	0 	0 	0 	0.0384049 	0.0384049 	0.0502487 	0.0502487 	0.141101 	0.141101 	-0.100255 	-0.100255 	0.176504 	0.176504 	-0.0270701 	-0.0270701 	-0.0540182 	-0.0540182 	-0.0463803 	-0.0463803 	0 	0 	0 	0 	0 	0 	0 	0 	
0.0719649 	-0.0749656 	0.106641 	0.0945064 	-0.0896565 	-0.0324165 	-0.0183495 	-0.106274 	-0.394648 	0.0389629 	-0.391027 	0.391027 	1.47904e-05 	-1.47904e-05 	-0.0395658 	0.0395658 	0.0154369 	-0.0154369 	0.0115181 	-0.0115181 	-0.012604 	0.012604 	-0.0842761 	0.0842761 	-0.128447 	0.128447 	-0.0899435 	0.0561427 	-0.120967 	-0.0144877 	0.11195 	-0.151529 	-0.0314099 	0.0260823 	0 	0 	0 	0 	0 	0 	0 	0 	0 	0 	-0.0384049 	-0.0384049 	-0.0502487 	-0.0502487 	-0.141101 	-0.141101 	0.100255 	0.100255 	-0.176504 	-0.176504 	0.0270701 	0.0270701 	0.0540182 	0.0540182 	0.0463803 	0.0463803 	0 	0 	0 	0 	0 	0 	0 	0 	
-0.0559008 	0.0562903 	0.22143 	-0.102047 	-0.183979 	0.0862977 	0.116183 	0.0900728 	-0.0158595 	0.063834 	-1.47904e-05 	1.47904e-05 	0.234383 	-0.234383 	-0.0703822 	0.0703822 	0.00219289 	-0.00219289 	0.0345556 	-0.0345556 	-0.220889 	0.220889 	-0.0904841 	0.0904841 	0.0531657 	-0.0531657 	0.088206 	-0.0409697 	0.0881264 	-0.157695 	0.251093 	-0.14007 	-0.188271 	-0.016225 	0 	0 	0 	0 	0 	0 	0 	0 	0 	0 	-0.0338048 	-0.0338048 	0.258501 	0.258501 	-0.0774512 	-0.0774512 	-0.136142 	-0.136142 	-0.0524796 	-0.0524796 	0.216729 	0.216729 	0.100363 	0.100363 	0.0145483 	0.0145483 	0 	0 	0 	0 	0 	0 	0 	0 	
0.0559008 	-0.0562903 	-0.22143 	0.102047 	0.183979 	-0.0862977 	-0.116183 	-0.0900728 	0.0158595 	-0.063834 	1.47904e-05 	-1.47904e-05 	-0.234383 	0.234383 	0.0703822 	-0.0703822 	-0.00219289 	0.00219289 	-0.0345556 	0.0345556 	0.220889 	-0.220889 	0.0904841 	-0.0904841 	-0.0531657 	0.0531657 	-0.088206 	0.0409697 	-0.0881264 	0.157695 	-0.251093 	0.14007 	0.188271 	0.016225 	0 	0 	0 	0 	0 	0 	0 	0 	0 	0 	0.0338048 	0.0338048 	-0.258501 	-0.258501 	0.0774512 	0.0774512 	0.136142 	0.136142 	0.0524796 	0.0524796 	-0.216729 	-0.216729 	-0.100363 	-0.100363 	-0.0145483 	-0.0145483 	0 	0 	0 	0 	0 	0 	0 	0 	
0.066398 	-0.0486798 	-0.350228 	-0.143707 	0.319335 	0.145628 	0.0902337 	0.114762 	0.0942983 	0.174556 	0.0395658 	-0.0395658 	-0.0703822 	0.0703822 	0.331054 	-0.331054 	-0.00173984 	0.00173984 	-0.0897916 	0.0897916 	0.0550253 	-0.0550253 	0.385813 	-0.385813 	0.0338415 	-0.0338415 	0.0685259 	-0.0212978 	0.299092 	-0.191967 	-0.190738 	0.126188 	0.00532242 	-0.353518 	0 	0 	0 	0 	0 	0 	0 	0 	0 	0 	-0.00468784 	-0.00468784 	-0.0568291 	-0.0568291 	0.412628 	0.412628 	-0.0498209 	-0.0498209 	-0.0734177 	-0.0734177 	-0.0609636 	-0.0609636 	-0.301154 	-0.301154 	-0.048633 	-0.048633 	0 	0 	0 	0 	0 	0 	0 	0 	
-0.066398 	0.0486798 	0.350228 	0.143707 	-0.319335 	-0.145628 	-0.0902337 	-0.114762 	-0.0942983 	-0.174556 	-0.0395658 	0.0395658 	0.0703822 	-0.0703822 	-0.331054 	0.331054 	0.00173984 	-0.00173984 	0.0897916 	-0.0897916 	-0.0550253 	0.0550253 	-0.385813 	0.385813 	-0.0338415 	0.0338415 	-0.0685259 	0.0212978 	-0.299092 	0.191967 	0.190738 	-0.126188 	-0.00532242 	0.353518 	0 	0 	0 	0 	0 	0 	0 	0 	0 	0 	0.00468784 	0.00468784 	0.0568291 	0.0568291 	-0.412628 	-0.412628 	0.0498209 	0.0498209 	0.0734177 	0.0734177 	0.0609636 	0.0609636 	0.301154 	0.301154 	0.048633 	0.048633 	0 	0 	0 	0 	0 	0 	0 	0 	
-0.00102381 	0.0370878 	-0.0883541 	-0.0602286 	0.0609233 	0.0515242 	-0.104701 	-0.056062 	0.09642 	0.0905375 	-0.0154369 	0.0154369 	0.00219289 	-0.00219289 	-0.00173984 	0.00173984 	0.148483 	-0.148483 	0.0464801 	-0.0464801 	0.0462108 	-0.0462108 	0.0209576 	-0.0209576 	-0.0317263 	0.0317263 	-0.0687863 	0.272382 	-0.0501604 	0.00134331 	0.145366 	-0.00527236 	0.0426453 	0.0713005 	0 	0 	0 	0 	0 	0 	0 	0 	0 	0 	-0.055179 	-0.055179 	-0.0811529 	-0.0811529 	0.068429 	0.068429 	0.0576847 	0.0576847 	-0.0679989 	-0.0679989 	-0.0142872 	-0.0142872 	-0.0215926 	-0.0215926 	0.0486458 	0.0486458 	0 	0 	0 	0 	0 	0 	0 	0 	
0.00102381 	-0.0370878 	0.0883541 	0.0602286 	-0.0609233 	-0.0515242 	0.104701 	0.056062 	-0.09642 	-0.0905375 	0.0154369 	-0.0154369 	-0.00219289 	0.00219289 	0.00173984 	-0.00173984 	-0.148483 	0.148483 	-0.0464801 	0.0464801 	-0.0462108 	0.0462108 	-0.0209576 	0.0209576 	0.0317263 	-0.0317263 	0.0687863 	-0.272382 	0.0501604 	-0.00134331 	-0.145366 	0.00527236 	-0.0426453 	-0.0713005 	0 	0 	0 	0 	0 	0 	0 	0 	0 	0 	0.055179 	0.055179 	0.0811529 	0.0811529 	-0.068429 	-0.068429 	-0.0576847 	-0.0576847 	0.0679989 	0.0679989 	0.0142872 	0.0142872 	0.0215926 	0.0215926 	-0.0486458 	-0.0486458 	0 	0 	0 	0 	0 	0 	0 	0 	
-0.190884 	0.270001 	0.0172464 	-0.233142 	-0.078474 	0.285489 	-0.36456 	-0.387316 	0.253568 	0.49841 	-0.0115181 	0.0115181 	0.0345556 	-0.0345556 	-0.0897916 	0.0897916 	0.0464801 	-0.0464801 	0.443133 	-0.443133 	0.11887 	-0.11887 	-0.25076 	0.25076 	0.173222 	-0.173222 	0.149804 	-0.0909583 	0.0466896 	0.175556 	0.143679 	0.100593 	0.315188 	0.10795 	0 	0 	0 	0 	0 	0 	0 	0 	0 	0 	-0.448011 	-0.448011 	-0.0908776 	-0.0908776 	-0.195667 	-0.195667 	-0.0558389 	-0.0558389 	-0.332902 	-0.332902 	-0.000717077 	-0.000717077 	0.157989 	0.157989 	0.0578023 	0.0578023 	0 	0 	0 	0 	0 	0 	0 	0 	
0.190884 	-0.270001 	-0.0172464 	0.233142 	0.078474 	-0.285489 	0.36456 	0.387316 	-0.253568 	-0.49841 	0.0115181 	-0.0115181 	-0.0345556 	0.0345556 	0.0897916 	-0.0897916 	-0.0464801 	0.0464801 	-0.443133 	0.443133 	-0.11887 	0.11887 	0.25076 	-0.25076 	-0.173222 	0.173222 	-0.149804 	0.0909583 	-0.0466896 	-0.175556 	-0.143679 	-0.100593 	-0.315188 	-0.10795 	0 	0 	0 	0 	0 	0 	0 	0 	0 	0 	0.448011 	0.448011 	0.0908776 	0.0908776 	0.195667 	0.195667 	0.0558389 	0.0558389 	0.332902 	0.332902 	0.000717077 	0.000717077 	-0.157989 	-0.157989 	-0.0578023 	-0.0578023 	0 	0 	0 	0 	0 	0 	0 	0 	
-0.127274 	0.1841 	-0.344056 	0.19797 	0.44094 	-0.337973 	-0.301786 	-0.382339 	-0.0465127 	-0.0399435 	0.012604 	-0.012604 	-0.220889 	0.220889 	0.0550253 	-0.0550253 	0.0462108 	-0.0462108 	0.11887 	-0.11887 	0.68099 	-0.68099 	-0.0733017 	0.0733017 	0.218402 	-0.218402 	0.20113 	0.130942 	-0.080323 	0.622464 	-0.400656 	0.587815 	0.752328 	0.139514 	0 	0 	0 	0 	0 	0 	0 	0 	0 	0 	-0.0588495 	-0.0588495 	-0.654991 	-0.654991 	-0.056738 	-0.056738 	0.0325581 	0.0325581 	0.0993776 	0.0993776 	-0.429225 	-0.429225 	-0.0301879 	-0.0301879 	-0.0298364 	-0.0298364 	0 	0 	0 	0 	0 	0 	0 	0 	
0.127274 	-0.1841 	0.344056 	-0.19797 	-0.44094 	0.337973 	0.301786 	0.382339 	0.0465127 	0.0399435 	-0.012604 	0.012604 	0.220889 	-0.220889 	-0.0550253 	0.0550253 	-0.0462108 	0.0462108 	-0.11887 	0.11887 	-0.68099 	0.68099 	0.0733017 	-0.0733017 	-0.218402 	0.218402 	-0.20113 	-0.130942 	0.080323 	-0.622464 	0.400656 	-0.587815 	-0.752328 	-0.139514 	0 	0 	0 	0 	0 	0 	0 	0 	0 	0 	0.0588495 	0.0588495 	0.654991 	0.654991 	0.056738 	0.056738 	-0.0325581 	-0.0325581 	-0.0993776 	-0.0993776 	0.429225 	0.429225 	0.0301879 	0.0301879 	0.0298364 	0.0298364 	0 	0 	0 	0 	0 	0 	0 	0 	
0.150926 	-0.235248 	-0.322421 	-0.162234 	0.489079 	0.262812 	0.204655 	0.313322 	0.16942 	0.146514 	0.0842761 	-0.0842761 	-0.0904841 	0.0904841 	0.385813 	-0.385813 	0.0209576 	-0.0209576 	-0.25076 	0.25076 	-0.0733017 	0.0733017 	0.661347 	-0.661347 	-0.114233 	0.114233 	-0.102519 	0.0824624 	0.341967 	-0.447598 	-0.213573 	-0.00802952 	-0.236503 	-0.424816 	0 	0 	0 	0 	0 	0 	0 	0 	0 	0 	0.116289 	0.116289 	0.0481099 	0.0481099 	0.62725 	0.62725 	0.027029 	0.027029 	-0.0569772 	-0.0569772 	-0.0159096 	-0.0159096 	-0.454955 	-0.454955 	-0.0567106 	-0.0567106 	0 	0 	0 	0 	0 	0 	0 	0 	
-0.150926 	0.235248 	0.322421 	0.162234 	-0.489079 	-0.262812 	-0.204655 	-0.313322 	-0.16942 	-0.146514 	-0.0842761 	0.0842761 	0.0904841 	-0.0904841 	-0.385813 	0.385813 	-0.0209576 	0.0209576 	0.25076 	-0.25076 	0.0733017 	-0.0733017 	-0.661347 	0.661347 	0.114233 	-0.114233 	0.102519 	-0.0824624 	-0.341967 	0.447598 	0.213573 	0.00802952 	0.236503 	0.424816 	0 	0 	0 	0 	0 	0 	0 	0 	0 	0 	-0.116289 	-0.116289 	-0.0481099 	-0.0481099 	-0.62725 	-0.62725 	-0.027029 	-0.027029 	0.0569772 	0.0569772 	0.0159096 	0.0159096 	0.454955 	0.454955 	0.0567106 	0.0567106 	0 	0 	0 	0 	0 	0 	0 	0 	
-0.412845 	0.585535 	-0.135516 	-0.00111911 	0.153163 	-0.0444895 	0.147666 	0.323358 	0.00899837 	0.205743 	0.128447 	-0.128447 	0.0531657 	-0.0531657 	0.0338415 	-0.0338415 	-0.0317263 	0.0317263 	0.173222 	-0.173222 	0.218402 	-0.218402 	-0.114233 	0.114233 	0.936073 	-0.936073 	-0.0901483 	0.164948 	0.735332 	0.333985 	-0.110619 	0.815108 	0.56 	-0.0932366 	0 	0 	0 	0 	0 	0 	0 	0 	0 	0 	-0.0360129 	-0.0360129 	0.0218037 	0.0218037 	-0.0417004 	-0.0417004 	-0.805294 	-0.805294 	0.0881532 	0.0881532 	-0.0676106 	-0.0676106 	0.110661 	0.110661 	-0.162065 	-0.162065 	0 	0 	0 	0 	0 	0 	0 	0 	
0.412845 	-0.585535 	0.135516 	0.00111911 	-0.153163 	0.0444895 	-0.147666 	-0.323358 	-0.00899837 	-0.205743 	-0.128447 	0.128447 	-0.0531657 	0.0531657 	-0.0338415 	0.0338415 	0.0317263 	-0.0317263 	-0.173222 	0.173222 	-0.218402 	0.218402 	0.114233 	-0.114233 	-0.936073 	0.936073 	0.0901483 	-0.164948 	-0.735332 	-0.333985 	0.110619 	-0.815108 	-0.56 	0.0932366 	0 	0 	0 	0 	0 	0 	0 	0 	0 	0 	0.0360129 	0.0360129 	-0.0218037 	-0.0218037 	0.0417004 	0.0417004 	0.805294 	0.805294 	-0.0881532 	-0.0881532 	0.0676106 	0.0676106 	-0.110661 	-0.110661 	0.162065 	0.162065 	0 	0 	0 	0 	0 	0 	0 	0 	
-0.025907 	0.0179567 	-0.0957921 	-0.012023 	0.0497151 	-0.0267166 	-0.442582 	-0.319055 	0.0213507 	0.0716229 	0.0899435 	-0.0899435 	0.088206 	-0.088206 	0.0685259 	-0.0685259 	-0.0687863 	0.0687863 	0.149804 	-0.149804 	0.20113 	-0.20113 	-0.102519 	0.102519 	-0.0901483 	0.0901483 	1 	-0.641131 	-0.173807 	0.176149 	-0.0757419 	0.0245433 	0.195222 	-0.108392 	0 	0 	0 	0 	0 	0 	0 	0 	0 	0 	-0.264128 	-0.264128 	-0.304211 	-0.304211 	-0.122149 	-0.122149 	0.207721 	0.207721 	-0.0561474 	-0.0561474 	-0.0939499 	-0.0939499 	0.0236755 	0.0236755 	0.04118 	0.04118 	0 	0 	0 	0 	0 	0 	0 	0 	
-0.106939 	0.0818292 	-0.220272 	0.14484 	0.172329 	-0.106639 	0.200856 	0.133882 	-0.0393505 	-0.059884 	-0.0561427 	0.0561427 	-0.0409697 	0.0409697 	-0.0212978 	0.0212978 	0.272382 	-0.272382 	-0.0909583 	0.0909583 	0.130942 	-0.130942 	0.0824624 	-0.0824624 	0.164948 	-0.164948 	-0.641131 	1 	0.100904 	0.0780869 	0.0482905 	0.216663 	0.136953 	0.244068 	0 	0 	0 	0 	0 	0 	0 	0 	0 	0 	0.23586 	0.23586 	-0.133616 	-0.133616 	0.159838 	0.159838 	-0.170141 	-0.170141 	0.0865151 	0.0865151 	-0.0712329 	-0.0712329 	-0.0522027 	-0.0522027 	-0.00965409 	-0.00965409 	0 	0 	0 	0 	0 	0 	0 	0 	
-0.265654 	0.35457 	-0.237261 	-0.2727 	0.297124 	0.348388 	0.324287 	0.542685 	0.168693 	0.464758 	0.120967 	-0.120967 	0.0881264 	-0.0881264 	0.299092 	-0.299092 	-0.0501604 	0.0501604 	0.0466896 	-0.0466896 	-0.080323 	0.080323 	0.341967 	-0.341967 	0.735332 	-0.735332 	-0.173807 	0.100904 	1 	-0.227723 	-0.147624 	0.53563 	0.137167 	-0.443452 	0 	0 	0 	0 	0 	0 	0 	0 	0 	0 	-0.0528591 	-0.0528591 	0.274309 	0.274309 	0.383006 	0.383006 	-0.74711 	-0.74711 	-0.122396 	-0.122396 	0.100391 	0.100391 	-0.189471 	-0.189471 	-0.170705 	-0.170705 	0 	0 	0 	0 	0 	0 	0 	0 	
-0.216897 	0.309269 	-0.104097 	0.350482 	0.0892888 	-0.529595 	-0.28623 	-0.380141 	-0.182158 	-0.249249 	0.0144877 	-0.0144877 	-0.157695 	0.157695 	-0.191967 	0.191967 	0.00134331 	-0.00134331 	0.175556 	-0.175556 	0.622464 	-0.622464 	-0.447598 	0.447598 	0.333985 	-0.333985 	0.176149 	0.0780869 	-0.227723 	1 	-0.244032 	0.588502 	0.785276 	0.622431 	0 	0 	0 	0 	0 	0 	0 	0 	0 	0 	-0.0109993 	-0.0109993 	-0.557167 	-0.557167 	-0.416053 	-0.416053 	-0.0776429 	-0.0776429 	0.244371 	0.244371 	-0.37897 	-0.37897 	0.251159 	0.251159 	-0.0282645 	-0.0282645 	0 	0 	0 	0 	0 	0 	0 	0 	
-0.0360891 	0.0248137 	0.365267 	-0.210642 	-0.40966 	0.234736 	0.0479372 	0.0247244 	-0.00579959 	0.154222 	-0.11195 	0.11195 	0.251093 	-0.251093 	-0.190738 	0.190738 	0.145366 	-0.145366 	0.143679 	-0.143679 	-0.400656 	0.400656 	-0.213573 	0.213573 	-0.110619 	0.110619 	-0.0757419 	0.0482905 	-0.147624 	-0.244032 	1 	-0.409426 	-0.354629 	-0.0432456 	0 	0 	0 	0 	0 	0 	0 	0 	0 	0 	-0.195361 	-0.195361 	0.445792 	0.445792 	-0.119098 	-0.119098 	-0.0948843 	-0.0948843 	-0.186502 	-0.186502 	0.313521 	0.313521 	0.215409 	0.215409 	0.109458 	0.109458 	0 	0 	0 	0 	0 	0 	0 	0 	
-0.336165 	0.498156 	-0.382323 	0.158139 	0.480503 	-0.272993 	0.00201903 	0.106876 	-0.0212371 	0.0490626 	0.151529 	-0.151529 	-0.14007 	0.14007 	0.126188 	-0.126188 	-0.00527236 	0.00527236 	0.100593 	-0.100593 	0.587815 	-0.587815 	-0.00802952 	0.00802952 	0.815108 	-0.815108 	0.0245433 	0.216663 	0.53563 	0.588502 	-0.409426 	1 	0.842206 	-0.0532765 	0 	0 	0 	0 	0 	0 	0 	0 	0 	0 	0.0341088 	0.0341088 	-0.39176 	-0.39176 	0.0494152 	0.0494152 	-0.574658 	-0.574658 	0.206345 	0.206345 	-0.347387 	-0.347387 	-0.0219319 	-0.0219319 	-0.16255 	-0.16255 	0 	0 	0 	0 	0 	0 	0 	0 	
-0.306893 	0.459117 	-0.338553 	0.135117 	0.393341 	-0.275714 	-0.362266 	-0.394736 	0.00991973 	0.156477 	0.0314099 	-0.0314099 	-0.188271 	0.188271 	0.00532242 	-0.00532242 	0.0426453 	-0.0426453 	0.315188 	-0.315188 	0.752328 	-0.752328 	-0.236503 	0.236503 	0.56 	-0.56 	0.195222 	0.136953 	0.137167 	0.785276 	-0.354629 	0.842206 	1 	0.166089 	0 	0 	0 	0 	0 	0 	0 	0 	0 	0 	-0.20586 	-0.20586 	-0.641435 	-0.641435 	-0.178174 	-0.178174 	-0.237272 	-0.237272 	0.0292713 	0.0292713 	-0.430384 	-0.430384 	0.0908559 	0.0908559 	-0.057161 	-0.057161 	0 	0 	0 	0 	0 	0 	0 	0 	
-0.0610542 	0.0496612 	0.203656 	0.208151 	-0.239325 	-0.259301 	-0.242187 	-0.288685 	-0.0255019 	-0.225834 	-0.0260823 	0.0260823 	-0.016225 	0.016225 	-0.353518 	0.353518 	0.0713005 	-0.0713005 	0.10795 	-0.10795 	0.139514 	-0.139514 	-0.424816 	0.424816 	-0.0932366 	0.0932366 	-0.108392 	0.244068 	-0.443452 	0.622431 	-0.0432456 	-0.0532765 	0.166089 	1 	0 	0 	0 	0 	0 	0 	0 	0 	0 	0 	0.0249924 	0.0249924 	-0.20307 	-0.20307 	-0.442504 	-0.442504 	0.210386 	0.210386 	0.103073 	0.103073 	-0.0677134 	-0.0677134 	0.289214 	0.289214 	0.0721174 	0.0721174 	0 	0 	0 	0 	0 	0 	0 	0 	
0 	0 	0 	0 	0 	0 	0 	0 	0 	0 	0 	0 	0 	0 	0 	0 	0 	0 	0 	0 	0 	0 	0 	0 	0 	0 	0 	0 	0 	0 	0 	0 	0 	0 	0 	0 	0 	0 	0 	0 	0 	0 	0 	0 	0 	0 	0 	0 	0 	0 	0 	0 	0 	0 	0 	0 	0 	0 	0 	0 	0 	0 	0 	0 	0 	0 	0 	0 	
0 	0 	0 	0 	0 	0 	0 	0 	0 	0 	0 	0 	0 	0 	0 	0 	0 	0 	0 	0 	0 	0 	0 	0 	0 	0 	0 	0 	0 	0 	0 	0 	0 	0 	0 	0 	0 	0 	0 	0 	0 	0 	0 	0 	0 	0 	0 	0 	0 	0 	0 	0 	0 	0 	0 	0 	0 	0 	0 	0 	0 	0 	0 	0 	0 	0 	0 	0 	
0 	0 	0 	0 	0 	0 	0 	0 	0 	0 	0 	0 	0 	0 	0 	0 	0 	0 	0 	0 	0 	0 	0 	0 	0 	0 	0 	0 	0 	0 	0 	0 	0 	0 	0 	0 	0 	0 	0 	0 	0 	0 	0 	0 	0 	0 	0 	0 	0 	0 	0 	0 	0 	0 	0 	0 	0 	0 	0 	0 	0 	0 	0 	0 	0 	0 	0 	0 	
0 	0 	0 	0 	0 	0 	0 	0 	0 	0 	0 	0 	0 	0 	0 	0 	0 	0 	0 	0 	0 	0 	0 	0 	0 	0 	0 	0 	0 	0 	0 	0 	0 	0 	0 	0 	0 	0 	0 	0 	0 	0 	0 	0 	0 	0 	0 	0 	0 	0 	0 	0 	0 	0 	0 	0 	0 	0 	0 	0 	0 	0 	0 	0 	0 	0 	0 	0 	
0 	0 	0 	0 	0 	0 	0 	0 	0 	0 	0 	0 	0 	0 	0 	0 	0 	0 	0 	0 	0 	0 	0 	0 	0 	0 	0 	0 	0 	0 	0 	0 	0 	0 	0 	0 	0 	0 	0 	0 	0 	0 	0 	0 	0 	0 	0 	0 	0 	0 	0 	0 	0 	0 	0 	0 	0 	0 	0 	0 	0 	0 	0 	0 	0 	0 	0 	0 	
0 	0 	0 	0 	0 	0 	0 	0 	0 	0 	0 	0 	0 	0 	0 	0 	0 	0 	0 	0 	0 	0 	0 	0 	0 	0 	0 	0 	0 	0 	0 	0 	0 	0 	0 	0 	0 	0 	0 	0 	0 	0 	0 	0 	0 	0 	0 	0 	0 	0 	0 	0 	0 	0 	0 	0 	0 	0 	0 	0 	0 	0 	0 	0 	0 	0 	0 	0 	
0 	0 	0 	0 	0 	0 	0 	0 	0 	0 	0 	0 	0 	0 	0 	0 	0 	0 	0 	0 	0 	0 	0 	0 	0 	0 	0 	0 	0 	0 	0 	0 	0 	0 	0 	0 	0 	0 	0 	0 	0 	0 	0 	0 	0 	0 	0 	0 	0 	0 	0 	0 	0 	0 	0 	0 	0 	0 	0 	0 	0 	0 	0 	0 	0 	0 	0 	0 	
0 	0 	0 	0 	0 	0 	0 	0 	0 	0 	0 	0 	0 	0 	0 	0 	0 	0 	0 	0 	0 	0 	0 	0 	0 	0 	0 	0 	0 	0 	0 	0 	0 	0 	0 	0 	0 	0 	0 	0 	0 	0 	0 	0 	0 	0 	0 	0 	0 	0 	0 	0 	0 	0 	0 	0 	0 	0 	0 	0 	0 	0 	0 	0 	0 	0 	0 	0 	
0 	0 	0 	0 	0 	0 	0 	0 	0 	0 	0 	0 	0 	0 	0 	0 	0 	0 	0 	0 	0 	0 	0 	0 	0 	0 	0 	0 	0 	0 	0 	0 	0 	0 	0 	0 	0 	0 	0 	0 	0 	0 	0 	0 	0 	0 	0 	0 	0 	0 	0 	0 	0 	0 	0 	0 	0 	0 	0 	0 	0 	0 	0 	0 	0 	0 	0 	0 	
0 	0 	0 	0 	0 	0 	0 	0 	0 	0 	0 	0 	0 	0 	0 	0 	0 	0 	0 	0 	0 	0 	0 	0 	0 	0 	0 	0 	0 	0 	0 	0 	0 	0 	0 	0 	0 	0 	0 	0 	0 	0 	0 	0 	0 	0 	0 	0 	0 	0 	0 	0 	0 	0 	0 	0 	0 	0 	0 	0 	0 	0 	0 	0 	0 	0 	0 	0 	
0.167562 	-0.153301 	0.0416332 	0.500072 	0.0198989 	-0.404046 	0.529308 	0.402708 	-0.430843 	-0.629399 	0.0384049 	-0.0384049 	-0.0338048 	0.0338048 	-0.00468784 	0.00468784 	-0.055179 	0.055179 	-0.448011 	0.448011 	-0.0588495 	0.0588495 	0.116289 	-0.116289 	-0.0360129 	0.0360129 	-0.264128 	0.23586 	-0.0528591 	-0.0109993 	-0.195361 	0.0341088 	-0.20586 	0.0249924 	0 	0 	0 	0 	0 	0 	0 	0 	0 	0 	0.608973 	0.608973 	0.0645064 	0.0645064 	0.0672429 	0.0672429 	-0.0563269 	-0.0563269 	0.488072 	0.488072 	-0.0311679 	-0.0311679 	-0.0607421 	-0.0607421 	-0.0824458 	-0.0824458 	0 	0 	0 	0 	0 	0 	0 	0 	
0.167562 	-0.153301 	0.0416332 	0.500072 	0.0198989 	-0.404046 	0.529308 	0.402708 	-0.430843 	-0.629399 	0.0384049 	-0.0384049 	-0.0338048 	0.0338048 	-0.00468784 	0.00468784 	-0.055179 	0.055179 	-0.448011 	0.448011 	-0.0588495 	0.0588495 	0.116289 	-0.116289 	-0.0360129 	0.0360129 	-0.264128 	0.23586 	-0.0528591 	-0.0109993 	-0.195361 	0.0341088 	-0.20586 	0.0249924 	0 	0 	0 	0 	0 	0 	0 	0 	0 	0 	0.608973 	0.608973 	0.0645064 	0.0645064 	0.0672429 	0.0672429 	-0.0563269 	-0.0563269 	0.488072 	0.488072 	-0.0311679 	-0.0311679 	-0.0607421 	-0.0607421 	-0.0824458 	-0.0824458 	0 	0 	0 	0 	0 	0 	0 	0 	
0.0427374 	-0.0335038 	0.407411 	-0.260124 	-0.391466 	0.301662 	0.441674 	0.469008 	0.0813195 	0.0661458 	0.0502487 	-0.0502487 	0.258501 	-0.258501 	-0.0568291 	0.0568291 	-0.0811529 	0.0811529 	-0.0908776 	0.0908776 	-0.654991 	0.654991 	0.0481099 	-0.0481099 	0.0218037 	-0.0218037 	-0.304211 	-0.133616 	0.274309 	-0.557167 	0.445792 	-0.39176 	-0.641435 	-0.20307 	0 	0 	0 	0 	0 	0 	0 	0 	0 	0 	0.0645064 	0.0645064 	0.765617 	0.765617 	0.0611465 	0.0611465 	-0.273727 	-0.273727 	-0.0487448 	-0.0487448 	0.445325 	0.445325 	0.0627269 	0.0627269 	-0.0175002 	-0.0175002 	0 	0 	0 	0 	0 	0 	0 	0 	
0.0427374 	-0.0335038 	0.407411 	-0.260124 	-0.391466 	0.301662 	0.441674 	0.469008 	0.0813195 	0.0661458 	0.0502487 	-0.0502487 	0.258501 	-0.258501 	-0.0568291 	0.0568291 	-0.0811529 	0.0811529 	-0.0908776 	0.0908776 	-0.654991 	0.654991 	0.0481099 	-0.0481099 	0.0218037 	-0.0218037 	-0.304211 	-0.133616 	0.274309 	-0.557167 	0.445792 	-0.39176 	-0.641435 	-0.20307 	0 	0 	0 	0 	0 	0 	0 	0 	0 	0 	0.0645064 	0.0645064 	0.765617 	0.765617 	0.0611465 	0.0611465 	-0.273727 	-0.273727 	-0.0487448 	-0.0487448 	0.445325 	0.445325 	0.0627269 	0.0627269 	-0.0175002 	-0.0175002 	0 	0 	0 	0 	0 	0 	0 	0 	
0.122044 	-0.142414 	-0.408317 	-0.251686 	0.455456 	0.27551 	0.202459 	0.284537 	0.277307 	0.203354 	0.141101 	-0.141101 	-0.0774512 	0.0774512 	0.412628 	-0.412628 	0.068429 	-0.068429 	-0.195667 	0.195667 	-0.056738 	0.056738 	0.62725 	-0.62725 	-0.0417004 	0.0417004 	-0.122149 	0.159838 	0.383006 	-0.416053 	-0.119098 	0.0494152 	-0.178174 	-0.442504 	0 	0 	0 	0 	0 	0 	0 	0 	0 	0 	0.0672429 	0.0672429 	0.0611465 	0.0611465 	0.668946 	0.668946 	-0.039675 	-0.039675 	-0.0638399 	-0.0638399 	-0.0132598 	-0.0132598 	-0.447619 	-0.447619 	-0.050355 	-0.050355 	0 	0 	0 	0 	0 	0 	0 	0 	
0.122044 	-0.142414 	-0.408317 	-0.251686 	0.455456 	0.27551 	0.202459 	0.284537 	0.277307 	0.203354 	0.141101 	-0.141101 	-0.0774512 	0.0774512 	0.412628 	-0.412628 	0.068429 	-0.068429 	-0.195667 	0.195667 	-0.056738 	0.056738 	0.62725 	-0.62725 	-0.0417004 	0.0417004 	-0.122149 	0.159838 	0.383006 	-0.416053 	-0.119098 	0.0494152 	-0.178174 	-0.442504 	0 	0 	0 	0 	0 	0 	0 	0 	0 	0 	0.0672429 	0.0672429 	0.0611465 	0.0611465 	0.668946 	0.668946 	-0.039675 	-0.039675 	-0.0638399 	-0.0638399 	-0.0132598 	-0.0132598 	-0.447619 	-0.447619 	-0.050355 	-0.050355 	0 	0 	0 	0 	0 	0 	0 	0 	
0.392133 	-0.409752 	0.0361637 	0.0244485 	-0.026281 	-0.0276774 	-0.385375 	-0.471988 	0.0662643 	-0.139288 	-0.100255 	0.100255 	-0.136142 	0.136142 	-0.0498209 	0.0498209 	0.0576847 	-0.0576847 	-0.0558389 	0.0558389 	0.0325581 	-0.0325581 	0.027029 	-0.027029 	-0.805294 	0.805294 	0.207721 	-0.170141 	-0.74711 	-0.0776429 	-0.0948843 	-0.574658 	-0.237272 	0.210386 	0 	0 	0 	0 	0 	0 	0 	0 	0 	0 	-0.0563269 	-0.0563269 	-0.273727 	-0.273727 	-0.039675 	-0.039675 	0.851517 	0.851517 	-0.0936199 	-0.0936199 	-0.0780201 	-0.0780201 	-0.0816475 	-0.0816475 	0.173074 	0.173074 	0 	0 	0 	0 	0 	0 	0 	0 	
0.392133 	-0.409752 	0.0361637 	0.0244485 	-0.026281 	-0.0276774 	-0.385375 	-0.471988 	0.0662643 	-0.139288 	-0.100255 	0.100255 	-0.136142 	0.136142 	-0.0498209 	0.0498209 	0.0576847 	-0.0576847 	-0.0558389 	0.0558389 	0.0325581 	-0.0325581 	0.027029 	-0.027029 	-0.805294 	0.805294 	0.207721 	-0.170141 	-0.74711 	-0.0776429 	-0.0948843 	-0.574658 	-0.237272 	0.210386 	0 	0 	0 	0 	0 	0 	0 	0 	0 	0 	-0.0563269 	-0.0563269 	-0.273727 	-0.273727 	-0.039675 	-0.039675 	0.851517 	0.851517 	-0.0936199 	-0.0936199 	-0.0780201 	-0.0780201 	-0.0816475 	-0.0816475 	0.173074 	0.173074 	0 	0 	0 	0 	0 	0 	0 	0 	
0.0477028 	-0.0259968 	0.0167713 	0.438732 	-0.00142557 	-0.525925 	0.316178 	0.275311 	-0.262406 	-0.66551 	0.176504 	-0.176504 	-0.0524796 	0.0524796 	-0.0734177 	0.0734177 	-0.0679989 	0.0679989 	-0.332902 	0.332902 	0.0993776 	-0.0993776 	-0.0569772 	0.0569772 	0.0881532 	-0.0881532 	-0.0561474 	0.0865151 	-0.122396 	0.244371 	-0.186502 	0.206345 	0.0292713 	0.103073 	0 	0 	0 	0 	0 	0 	0 	0 	0 	0 	0.488072 	0.488072 	-0.0487448 	-0.0487448 	-0.0638399 	-0.0638399 	-0.0936199 	-0.0936199 	0.556867 	0.556867 	-0.124337 	-0.124337 	0.0447238 	0.0447238 	-0.0859317 	-0.0859317 	0 	0 	0 	0 	0 	0 	0 	0 	
0.0477028 	-0.0259968 	0.0167713 	0.438732 	-0.00142557 	-0.525925 	0.316178 	0.275311 	-0.262406 	-0.66551 	0.176504 	-0.176504 	-0.0524796 	0.0524796 	-0.0734177 	0.0734177 	-0.0679989 	0.0679989 	-0.332902 	0.332902 	0.0993776 	-0.0993776 	-0.0569772 	0.0569772 	0.0881532 	-0.0881532 	-0.0561474 	0.0865151 	-0.122396 	0.244371 	-0.186502 	0.206345 	0.0292713 	0.103073 	0 	0 	0 	0 	0 	0 	0 	0 	0 	0 	0.488072 	0.488072 	-0.0487448 	-0.0487448 	-0.0638399 	-0.0638399 	-0.0936199 	-0.0936199 	0.556867 	0.556867 	-0.124337 	-0.124337 	0.0447238 	0.0447238 	-0.0859317 	-0.0859317 	0 	0 	0 	0 	0 	0 	0 	0 	
0.0399858 	-0.0310448 	0.282723 	-0.190346 	-0.295344 	0.242757 	0.181355 	0.193167 	0.0438017 	0.117983 	-0.0270701 	0.0270701 	0.216729 	-0.216729 	-0.0609636 	0.0609636 	-0.0142872 	0.0142872 	-0.000717077 	0.000717077 	-0.429225 	0.429225 	-0.0159096 	0.0159096 	-0.0676106 	0.0676106 	-0.0939499 	-0.0712329 	0.100391 	-0.37897 	0.313521 	-0.347387 	-0.430384 	-0.0677134 	0 	0 	0 	0 	0 	0 	0 	0 	0 	0 	-0.0311679 	-0.0311679 	0.445325 	0.445325 	-0.0132598 	-0.0132598 	-0.0780201 	-0.0780201 	-0.124337 	-0.124337 	0.31901 	0.31901 	0.065251 	0.065251 	0.0301303 	0.0301303 	0 	0 	0 	0 	0 	0 	0 	0 	
0.0399858 	-0.0310448 	0.282723 	-0.190346 	-0.295344 	0.242757 	0.181355 	0.193167 	0.0438017 	0.117983 	-0.0270701 	0.0270701 	0.216729 	-0.216729 	-0.0609636 	0.0609636 	-0.0142872 	0.0142872 	-0.000717077 	0.000717077 	-0.429225 	0.429225 	-0.0159096 	0.0159096 	-0.0676106 	0.0676106 	-0.0939499 	-0.0712329 	0.100391 	-0.37897 	0.313521 	-0.347387 	-0.430384 	-0.0677134 	0 	0 	0 	0 	0 	0 	0 	0 	0 	0 	-0.0311679 	-0.0311679 	0.445325 	0.445325 	-0.0132598 	-0.0132598 	-0.0780201 	-0.0780201 	-0.124337 	-0.124337 	0.31901 	0.31901 	0.065251 	0.065251 	0.0301303 	0.0301303 	0 	0 	0 	0 	0 	0 	0 	0 	
-0.131078 	0.160236 	0.303995 	0.110804 	-0.371761 	-0.146246 	-0.0910307 	-0.122409 	-0.126898 	-0.104445 	-0.0540182 	0.0540182 	0.100363 	-0.100363 	-0.301154 	0.301154 	-0.0215926 	0.0215926 	0.157989 	-0.157989 	-0.0301879 	0.0301879 	-0.454955 	0.454955 	0.110661 	-0.110661 	0.0236755 	-0.0522027 	-0.189471 	0.251159 	0.215409 	-0.0219319 	0.0908559 	0.289214 	0 	0 	0 	0 	0 	0 	0 	0 	0 	0 	-0.0607421 	-0.0607421 	0.0627269 	0.0627269 	-0.447619 	-0.447619 	-0.0816475 	-0.0816475 	0.0447238 	0.0447238 	0.065251 	0.065251 	0.338653 	0.338653 	0.0304617 	0.0304617 	0 	0 	0 	0 	0 	0 	0 	0 	
-0.131078 	0.160236 	0.303995 	0.110804 	-0.371761 	-0.146246 	-0.0910307 	-0.122409 	-0.126898 	-0.104445 	-0.0540182 	0.0540182 	0.100363 	-0.100363 	-0.301154 	0.301154 	-0.0215926 	0.0215926 	0.157989 	-0.157989 	-0.0301879 	0.0301879 	-0.454955 	0.454955 	0.110661 	-0.110661 	0.0236755 	-0.0522027 	-0.189471 	0.251159 	0.215409 	-0.0219319 	0.0908559 	0.289214 	0 	0 	0 	0 	0 	0 	0 	0 	0 	0 	-0.0607421 	-0.0607421 	0.0627269 	0.0627269 	-0.447619 	-0.447619 	-0.0816475 	-0.0816475 	0.0447238 	0.0447238 	0.065251 	0.065251 	0.338653 	0.338653 	0.0304617 	0.0304617 	0 	0 	0 	0 	0 	0 	0 	0 	
0.0725989 	-0.03407 	0.058125 	-0.0480023 	-0.069601 	0.0530257 	-0.121186 	-0.139777 	0.0393698 	0.0520494 	-0.0463803 	0.0463803 	0.0145483 	-0.0145483 	-0.048633 	0.048633 	0.0486458 	-0.0486458 	0.0578023 	-0.0578023 	-0.0298364 	0.0298364 	-0.0567106 	0.0567106 	-0.162065 	0.162065 	0.04118 	-0.00965409 	-0.170705 	-0.0282645 	0.109458 	-0.16255 	-0.057161 	0.0721174 	0 	0 	0 	0 	0 	0 	0 	0 	0 	0 	-0.0824458 	-0.0824458 	-0.0175002 	-0.0175002 	-0.050355 	-0.050355 	0.173074 	0.173074 	-0.0859317 	-0.0859317 	0.0301303 	0.0301303 	0.0304617 	0.0304617 	0.0639266 	0.0639266 	0 	0 	0 	0 	0 	0 	0 	0 	
0.0725989 	-0.03407 	0.058125 	-0.0480023 	-0.069601 	0.0530257 	-0.121186 	-0.139777 	0.0393698 	0.0520494 	-0.0463803 	0.0463803 	0.0145483 	-0.0145483 	-0.048633 	0.048633 	0.0486458 	-0.0486458 	0.0578023 	-0.0578023 	-0.0298364 	0.0298364 	-0.0567106 	0.0567106 	-0.162065 	0.162065 	0.04118 	-0.00965409 	-0.170705 	-0.0282645 	0.109458 	-0.16255 	-0.057161 	0.0721174 	0 	0 	0 	0 	0 	0 	0 	0 	0 	0 	-0.0824458 	-0.0824458 	-0.0175002 	-0.0175002 	-0.050355 	-0.050355 	0.173074 	0.173074 	-0.0859317 	-0.0859317 	0.0301303 	0.0301303 	0.0304617 	0.0304617 	0.0639266 	0.0639266 	0 	0 	0 	0 	0 	0 	0 	0 	
0 	0 	0 	0 	0 	0 	0 	0 	0 	0 	0 	0 	0 	0 	0 	0 	0 	0 	0 	0 	0 	0 	0 	0 	0 	0 	0 	0 	0 	0 	0 	0 	0 	0 	0 	0 	0 	0 	0 	0 	0 	0 	0 	0 	0 	0 	0 	0 	0 	0 	0 	0 	0 	0 	0 	0 	0 	0 	0 	0 	0 	0 	0 	0 	0 	0 	0 	0 	
0 	0 	0 	0 	0 	0 	0 	0 	0 	0 	0 	0 	0 	0 	0 	0 	0 	0 	0 	0 	0 	0 	0 	0 	0 	0 	0 	0 	0 	0 	0 	0 	0 	0 	0 	0 	0 	0 	0 	0 	0 	0 	0 	0 	0 	0 	0 	0 	0 	0 	0 	0 	0 	0 	0 	0 	0 	0 	0 	0 	0 	0 	0 	0 	0 	0 	0 	0 	
0 	0 	0 	0 	0 	0 	0 	0 	0 	0 	0 	0 	0 	0 	0 	0 	0 	0 	0 	0 	0 	0 	0 	0 	0 	0 	0 	0 	0 	0 	0 	0 	0 	0 	0 	0 	0 	0 	0 	0 	0 	0 	0 	0 	0 	0 	0 	0 	0 	0 	0 	0 	0 	0 	0 	0 	0 	0 	0 	0 	0 	0 	0 	0 	0 	0 	0 	0 	
0 	0 	0 	0 	0 	0 	0 	0 	0 	0 	0 	0 	0 	0 	0 	0 	0 	0 	0 	0 	0 	0 	0 	0 	0 	0 	0 	0 	0 	0 	0 	0 	0 	0 	0 	0 	0 	0 	0 	0 	0 	0 	0 	0 	0 	0 	0 	0 	0 	0 	0 	0 	0 	0 	0 	0 	0 	0 	0 	0 	0 	0 	0 	0 	0 	0 	0 	0 	
0 	0 	0 	0 	0 	0 	0 	0 	0 	0 	0 	0 	0 	0 	0 	0 	0 	0 	0 	0 	0 	0 	0 	0 	0 	0 	0 	0 	0 	0 	0 	0 	0 	0 	0 	0 	0 	0 	0 	0 	0 	0 	0 	0 	0 	0 	0 	0 	0 	0 	0 	0 	0 	0 	0 	0 	0 	0 	0 	0 	0 	0 	0 	0 	0 	0 	0 	0 	
0 	0 	0 	0 	0 	0 	0 	0 	0 	0 	0 	0 	0 	0 	0 	0 	0 	0 	0 	0 	0 	0 	0 	0 	0 	0 	0 	0 	0 	0 	0 	0 	0 	0 	0 	0 	0 	0 	0 	0 	0 	0 	0 	0 	0 	0 	0 	0 	0 	0 	0 	0 	0 	0 	0 	0 	0 	0 	0 	0 	0 	0 	0 	0 	0 	0 	0 	0 	
0 	0 	0 	0 	0 	0 	0 	0 	0 	0 	0 	0 	0 	0 	0 	0 	0 	0 	0 	0 	0 	0 	0 	0 	0 	0 	0 	0 	0 	0 	0 	0 	0 	0 	0 	0 	0 	0 	0 	0 	0 	0 	0 	0 	0 	0 	0 	0 	0 	0 	0 	0 	0 	0 	0 	0 	0 	0 	0 	0 	0 	0 	0 	0 	0 	0 	0 	0 	
0 	0 	0 	0 	0 	0 	0 	0 	0 	0 	0 	0 	0 	0 	0 	0 	0 	0 	0 	0 	0 	0 	0 	0 	0 	0 	0 	0 	0 	0 	0 	0 	0 	0 	0 	0 	0 	0 	0 	0 	0 	0 	0 	0 	0 	0 	0 	0 	0 	0 	0 	0 	0 	0 	0 	0 	0 	0 	0 	0 	0 	0 	0 	0 	0 	0 	0 	0 	
row = 4, column = 17
0.000282067,0.000295884,0.00028212,1.28122e-05,-3.98796e-06,1.27374e-05,2.16157e-07,-1.66843e-05,3.30409e-07,-0.0492318,0.00151515,-2.479e-06,-1.99953e-05,-0.000519827,8.19599e-06,-2.50374e-07,-5.51799e-07,
-6.39182e-06,4.51854e-05,-6.42739e-06,0.000205565,0.000285304,0.000205556,2.7425e-06,5.50601e-05,3.51641e-06,0.00151248,-0.0412988,-5.61499e-05,-0.000210448,1.2596e-05,-0.000524703,-4.56161e-06,-6.00614e-06,
1.04763e-07,-2.64538e-05,-1.05409e-07,2.74915e-05,-1.17144e-06,2.86472e-05,7.58707e-05,5.96927e-05,-1.53427e-06,-2.35436e-10,-3.66465e-05,-0.0114434,-7.57779e-05,-2.02106e-07,2.8823e-06,-0.00016001,3.62348e-06,
1.32996e-07,-1.31819e-06,2.72115e-08,1.71399e-06,3.91049e-06,7.92956e-06,1.82349e-07,5.10855e-06,0.000271247,-6.44119e-06,-7.02336e-05,-3.7823e-05,-0.059403,-2.11485e-07,-5.87393e-06,-2.3811e-07,-0.000411763,
row = 4, column = 17
7.51264e-07,-0.000203189,-2.75588e-05,0.00021844,1.56389e-07,0.000183857,-4.81633e-08,-0.000216389,8.58042e-07,-0.00037099,0.000223733,-3.47492e-05,0.000475825,-1.52288e-06,-3.67294e-07,-1.08635e-06,-2.13465e-06,
4.79631e-07,0.000648566,-0.000125194,-0.000667294,1.00407e-06,-0.000742167,6.34793e-07,0.000694133,8.20513e-07,0.000115799,0.000787108,-0.000528625,0.000650258,7.6886e-08,-2.53885e-06,9.20631e-07,-2.20596e-06,
1.4994e-07,-0.00035246,4.17408e-05,0.000354753,1.66165e-07,0.000380381,6.73064e-07,-0.000358443,3.1365e-07,-5.50259e-06,-0.000334765,5.03531e-05,-0.000330396,-4.09855e-07,4.79828e-07,-2.95334e-06,-9.53618e-07,
2.36876e-07,-4.00187e-05,-3.29505e-05,2.79402e-05,2.87058e-07,1.40731e-05,2.58655e-07,-1.87234e-05,-7.04871e-08,0.000165097,0.000204,-0.000168341,4.10974e-05,-1.23454e-06,-6.09823e-07,-5.58102e-07,3.4993e-07,
row = 4, column = 17
7.51264e-07,-0.000203189,-2.75588e-05,0.00021844,1.56389e-07,0.000183857,-4.81633e-08,-0.000216389,8.58042e-07,-0.00037099,0.000223733,-3.47492e-05,0.000475825,-1.52288e-06,-3.67294e-07,-1.08635e-06,-2.13465e-06,
4.79631e-07,0.000648566,-0.000125194,-0.000667294,1.00407e-06,-0.000742167,6.34793e-07,0.000694133,8.20513e-07,0.000115799,0.000787108,-0.000528625,0.000650258,7.6886e-08,-2.53885e-06,9.20631e-07,-2.20596e-06,
1.4994e-07,-0.00035246,4.17408e-05,0.000354753,1.66165e-07,0.000380381,6.73064e-07,-0.000358443,3.1365e-07,-5.50259e-06,-0.000334765,5.03531e-05,-0.000330396,-4.09855e-07,4.79828e-07,-2.95334e-06,-9.53618e-07,
2.36876e-07,-4.00187e-05,-3.29505e-05,2.79402e-05,2.87058e-07,1.40731e-05,2.58655e-07,-1.87234e-05,-7.04871e-08,0.000165097,0.000204,-0.000168341,4.10974e-05,-1.23454e-06,-6.09823e-07,-5.58102e-07,3.4993e-07,
row = 2, column = 2
0 	1 	
0 	-1 	
row = 2, column = 1
0 	
1 	
row = 2, column = 2
1 	0 	
0 	0 	
row = 1, column = 1
1 	
row = 4, column = 4
0 	1 	0 	0 	
0 	-1 	0 	-1 	
-1 	-0 	-0 	-0 	
-0 	-0 	-1 	1 	
row = 4, column = 4
0.866025 	-0.5 	0 	0 	
0.866025 	0.5 	0 	0 	
-0.866025 	-0.5 	0 	0 	
-0.866025 	0.5 	0 	0 	
row = 4, column = 8
0.333777 	-0.333777 	-0.479063 	0.479063 	-0.192706 	-0.192706 	-0.276587 	-0.276587 	
0.192706 	-0.192706 	0.276587 	-0.276587 	-0.333777 	-0.333777 	0.479063 	0.479063 	
-0.385413 	0.385413 	-0.553175 	0.553175 	-0 	-0 	-4.19508e-16 	4.19508e-16 	
-0.192706 	0.192706 	-0.276587 	0.276587 	0.71919 	0.71919 	0.0741113 	0.0741113 	
row = 2, column = 2
-0.479063 	0.479063 	
0.276587 	-0.276587 	
row = 2, column = 2
-0.553175 	0.553175 	
-0.276587 	0.276587 	
row = 2, column = 2
0.530012 	-0.306002 	
0.265006 	-0.153001 	
row = 1, column = 2
-0.265006 	0.153001 	
row = 2, column = 2
0 	1 	
0 	-1 	
row = 2, column = 1
0 	
1 	
row = 2, column = 2
1 	0 	
0 	0 	
row = 1, column = 1
1 	
row = 4, column = 4
0 	1 	0 	0 	
0 	-1 	0 	-1 	
-1 	-0 	-0 	-0 	
-0 	-0 	-1 	1 	
row = 4, column = 4
0.866025 	-0.5 	0 	0 	
0.866025 	0.5 	0 	0 	
-0.866025 	-0.5 	0 	0 	
-0.866025 	0.5 	0 	0 	
row = 4, column = 8
0.333777 	-0.333777 	-0.479063 	0.479063 	-0.192706 	-0.192706 	-0.276587 	-0.276587 	
0.192706 	-0.192706 	0.276587 	-0.276587 	-0.333777 	-0.333777 	0.479063 	0.479063 	
-0.385413 	0.385413 	-0.553175 	0.553175 	-0 	-0 	-4.19508e-16 	4.19508e-16 	
-0.192706 	0.192706 	-0.276587 	0.276587 	0.71919 	0.71919 	0.0741113 	0.0741113 	
row = 2, column = 2
-0.479063 	0.479063 	
0.276587 	-0.276587 	
row = 2, column = 2
-0.553175 	0.553175 	
-0.276587 	0.276587 	
row = 2, column = 2
-0.192706 	-0.192706 	
-0.333777 	-0.333777 	
row = 2, column = 2
-0 	-0 	
0.71919 	0.71919 	
row = 2, column = 2
0.530012 	-0.306002 	
0.265006 	-0.153001 	
row = 2, column = 2
0 	0 	
-0.277185 	-0.480099 	
row = 2, column = 2
2.51399e-18 	6.65429e-18 	
6.77626e-19 	-5.97666e-18 	
row = 2, column = 2
0 	0 	
1.27394e-17 	1.36338e-17 	
row = 2, column = 2
-3 	2 	
1 	1 	
row = 2, column = 1
0 	
1 	
row = 2, column = 2
1 	-1 	
-1 	1 	
row = 1, column = 1
3 	
row = 4, column = 4
-3 	2 	0 	0 	
1 	1 	0 	-0.333333 	
-1 	1 	3 	-1 	
1 	-1 	-2 	-1 	
row = 4, column = 4
-3.50263 	0 	0 	0 	
1.43698 	0 	0 	0 	
3.50263 	0 	0 	0 	
-1.43698 	0 	0 	0 	
row = 4, column = 8
-0.899362 	0.393754 	-0.0192945 	0.110709 	0 	0 	0 	0 	
0.226023 	0.87354 	-0.0627327 	0.0865199 	0 	0 	0 	0 	
-0.118472 	-0.283871 	-0.908314 	0.222867 	0 	0 	0 	0 	
0.355002 	0.0360918 	0.413107 	0.96467 	0 	0 	0 	0 	
row = 2, column = 2
-0.899362 	0.110709 	
0.226023 	0.0865199 	
row = 2, column = 2
-0.118472 	0.222867 	
0.355002 	0.96467 	
row = 2, column = 2
-0.0192945 	0 	
-0.0627327 	0 	
row = 2, column = 2
-0.908314 	0 	
0.413107 	0 	
row = 2, column = 2
0.131223 	-0.00749496 	
-0.212478 	0.163702 	
row = 2, column = 2
0.0175255 	0.056981 	
-0.00797072 	-0.0259153 	
row = 2, column = 2
0.00228587 	0.0074321 	
-0.00684962 	-0.0222703 	
row = 2, column = 2
0.816903 	-0.2053 	
-0.371532 	0.0933714 	



row = 2, column = 2
-3 	2 	
1 	1 	
row = 2, column = 1
0 	
1 	
row = 2, column = 2
1 	-1 	
-1 	1 	
row = 1, column = 1
3 	
row = 4, column = 4
-3 	2 	0 	0 	
1 	1 	0 	-0.333333 	
-1 	1 	3 	-1 	
1 	-1 	-2 	-1 	
row = 4, column = 4
-3.50263 	0 	0 	0 	
1.43698 	0 	0 	0 	
3.50263 	0 	0 	0 	
-1.43698 	0 	0 	0 	
row = 4, column = 8
-0.899362 	0.393754 	-0.0192945 	0.110709 	0 	0 	0 	0 	
0.226023 	0.87354 	-0.0627327 	0.0865199 	0 	0 	0 	0 	
